name: cellseg
channels:
  - conda-forge
  - defaults
dependencies:
  - _libgcc_mutex=0.1=main
  - backcall=0.1.0=py36_0
  - bzip2=1.0.8=h516909a_1
  - ca-certificates=2019.9.11=hecc5488_0
  - certifi=2019.9.11=py36_0
  - cloudpickle=1.2.2=py_0
  - cycler=0.10.0=py_2
  - cytoolz=0.10.0=py36h516909a_0
  - dask-core=2.6.0=py_0
  - decorator=4.4.0=py36_1
  - ffmpeg=4.2=h167e202_0
  - freetype=2.10.0=he983fc9_1
  - gmp=6.1.2=hf484d3e_1000
  - gnutls=3.6.5=hd3a4fd2_1002
  - icu=64.2=he1b5a44_1
  - imageio=2.6.1=py36_0
  - ipykernel=5.1.2=py36h39e3cac_0
  - ipython=7.8.0=py36h39e3cac_0
  - ipython_genutils=0.2.0=py36_0
  - jedi=0.15.1=py36_0
  - jpeg=9c=h14c3975_1001
  - jupyter_client=5.3.4=py36_0
  - jupyter_core=4.6.0=py36_0
  - kiwisolver=1.1.0=py36hc9558a2_0
  - lame=3.100=h14c3975_1001
  - libblas=3.8.0=14_openblas
  - libcblas=3.8.0=14_openblas
  - libedit=3.1.20181209=hc058e9b_0
  - libffi=3.2.1=hd88cf55_4
  - libgcc-ng=9.1.0=hdf63c60_0
  - libgfortran-ng=7.3.0=hdf63c60_2
  - libiconv=1.15=h516909a_1005
  - liblapack=3.8.0=14_openblas
  - libopenblas=0.3.7=h6e990d7_2
  - libpng=1.6.37=hed695b0_0
  - libsodium=1.0.16=h1bed415_0
  - libstdcxx-ng=9.1.0=hdf63c60_0
  - libtiff=4.0.10=hfc65ed5_1004
  - lz4-c=1.8.3=he1b5a44_1001
  - matplotlib-base=3.1.1=py36he7580a8_1
  - ncurses=6.1=he6710b0_1
  - nettle=3.4.1=h1bed415_1002
  - networkx=2.4=py_0
  - numpy=1.17.3=py36h95a1406_0
  - olefile=0.46=py_0
  - openh264=1.8.0=hdbcaa40_1000
  - openssl=1.1.1c=h516909a_0
  - parso=0.5.1=py_0
  - pexpect=4.7.0=py36_0
  - pickleshare=0.7.5=py36_0
  - pillow=6.2.1=py36h6b7be26_0
  - pip=19.3.1=py36_0
  - prompt_toolkit=2.0.10=py_0
  - ptyprocess=0.6.0=py36_0
  - pygments=2.4.2=py_0
  - pyparsing=2.4.2=py_0
  - python=3.6.9=h265db76_0
  - python-dateutil=2.8.0=py36_0
  - pywavelets=1.1.1=py36hc1659b7_0
  - pyzmq=18.1.0=py36he6710b0_0
  - readline=7.0=h7b6447c_5
  - scikit-image=0.16.2=py36hb3f55d8_0
  - scipy=1.3.1=py36h921218d_2
  - setuptools=41.4.0=py36_0
  - sqlite=3.30.0=h7b6447c_0
  - tk=8.6.9=hed695b0_1003
  - toolz=0.10.0=py_0
  - tornado=6.0.3=py36h7b6447c_0
  - tqdm=4.36.1=py_0
  - traitlets=4.3.3=py36_0
  - wcwidth=0.1.7=py36_0
  - wheel=0.33.6=py36_0
  - x264=1!152.20180806=h14c3975_0
  - xz=5.2.4=h14c3975_4
  - zeromq=4.3.1=he6710b0_3
  - zlib=1.2.11=h7b6447c_3
  - zstd=1.4.3=h3b9ef0a_0
  - pip:
    - cython==0.29.14
    - joblib==0.14.0
    - opencv-python==4.1.1.26
    - pymaxflow==1.2.12
    - pyyaml==5.1.2
    - scikit-learn==0.21.3
    - six==1.12.0
prefix: /home/tkadmin/anaconda3/envs/cellseg

